% -------------------------------------------------------------------
%  Generated by MATLAB on 16-Apr-2019 13:40:48
%  MATLAB version: 9.2.0.556344 (R2017a)
% -------------------------------------------------------------------
                                      
m = ...
  [-0.38268343236509039 1.1761204674887134;
   -0.19509032201612861 1.1192147195967697;
   -1.8369701987210297E-16 1.1];

r = ...
  [-0.024468878388214748 1.0016632235421148;
   0.1950903220161283 -0.98078528040323043];

s = ...
  [6.1232339957367648E-17 1;
   -0.19509032201612822 0.98078528040323043;
   -0.38268343236508973 0.92387953251128674];

